0,539
33,85
33,84
33,83
33,82
33,81
33,80
33,79
33,78
33,77
33,76
33,75
33,74
33,73
33,72
33,71
33,70
33,69
33,68
33,67
33,66
33,65
33,64
33,37
33,36
33,35
0,243
35,12
0,538
35,11
0,537
25,2
35,10
0,536
33,34
33,33
0,535
0,474
33,32
25,5
34,8
26,4
26,1
26,3
29,3
28,5
29,1
29,4
28,4
28,1
28,3
27,1
27,3
25,4
25,1
25,3
24,4
24,1
24,3
36,35
3,2
3,1
3,3
10,272
10,264
10,98
10,270
10,208
10,284
10,298
10,1
10,218
10,2
10,3
11,20
11,6
11,16
11,18
11,12
11,14
11,24
11,1
11,10
11,2
11,3
9,7
9,6
9,1
9,4
9,2
9,3
8,12
8,10
8,11
8,5
8,14
8,9
8,18
8,1
8,6
8,2
8,3
12,2
12,1
12,3
20,2
20,1
20,3
19,2
19,1
19,3
18,1
18,3
14,3
13,1
13,3
2,2
2,1
2,3
35,9
35,8
35,7
35,6
35,5
35,4
35,3
35,2
35,1
35,0
34,7
34,6
34,5
